13.9340834871771
13.6097861784135
14.9902215595462
12.470245997681
12.9117541432239
14.0137294407839
12.604650983928
14.0878923034145
13.3724007414173
12.976523160521
12.5125965840437
13.5383909136505
12.2341639925312
12.3561500057005
12.3318043308199
13.586044962485
14.8402855941502
12.8027224529816
14.6990869142699
12.8474600914831
12.3635832366126
12.1388617624505
13.7870362156829
12.9964420043908
13.1024976833457
15.0299105386148
13.8684614025363
15.9596078140861
12.767308919088
13.5745962469625
12.3723351892895
13.026600511101
14.0219156513318
13.7674760116638
12.7094690678568
12.4515089669031
12.1935488659494
14.2559872345282
14.5466886296049
13.9734555073824
14.6450349908925
12.715347010658
13.8778733482429
12.1916273612843
15.827735579908
12.9704771470066
12.3224569693139
