0.111529414205765
0.0575760052179473
0.0327877824115005
0.00856327315863088
0.0136475045081401
0.113542833371327
0.0337586750773884
0.0260911207275293
0.0747532975404705
0.0675105759295609
0.240122837584523
0.0191400311798032
0.188080136017126
0.0236374642278983
0.244918356344412
0.193916100518533
0.142913844692654
0.0880118780293486
0.0751574317924474
0.0887384999022259
0.0171502857724789
0.0220192946711257
0.0952317001219413
0.0083462420016552
0.13963513242973
0.00892310343135191
0.0972631836531511
0.215724769029719
0.108513322082568
0.105437014851112
0.0972063471874609
0.0394310886747349
0.0185662537044082
0.0421571978074449
0.177725275001149
0.148115727249116
0.118506179497082
0.11643769334564
0.0848377051299958
0.122913716925607
0.0935161651904162
0.171289208124607
0.1024444484874
0.0174450344534864
0.101354449111229
0.0736320943376206
0.0922278902934106
