0.201465183171892
0.205655132395488
0.197482437007283
0.198500107035509
0.120279860026591
0.08131055638152
0.25483351931637
0.1820506610744
0.145070299127406
0.228267392520542
0.0832717159453211
0.370288343835493
0.0811308848728661
0.934310379403448
1.17265255023183
0.679073371680943
0.185494193130059
0.154691726892097
0.158135621941715
0.208725577732995
0.787009825233378
1.07269336784979
0.26486521987734
0.58768660708008
0.0783909567247625
0.0916937703898119
0.101134911612273
0.110295964616464
0.122742749493414
0.232409596867775
0.196419526623129
0.229860608249786
1.19601303583448
0.0883294822687783
0.0895825996314405
0.129842279143741
0.170101958656042
0.376820938119141
0.0719884611908671
0.222476498687155
0.428879753735081
0.137422064023064
0.0680972994813654
0.735273653955212
0.0617553459169273
0.21735059240721
0.117034105111093
